37 by 37
type	cx	cy	x	y
clb	0	0	1	1
clb	0	1	1	2
clb	0	2	1	3
clb	0	3	1	4
clb	0	4	1	5
clb	0	5	1	6
clb	0	6	1	7
clb	0	7	1	8
clb	0	8	1	9
clb	0	9	1	10
clb	0	10	1	11
clb	0	11	1	12
clb	0	12	1	13
clb	0	13	1	14
clb	0	14	1	15
clb	0	15	1	16
clb	0	16	1	17
clb	0	17	1	18
clb	0	18	1	19
clb	0	19	1	20
clb	0	20	1	21
clb	0	21	1	22
clb	0	22	1	23
clb	0	23	1	24
clb	0	24	1	25
clb	0	25	1	26
clb	0	26	1	27
clb	0	27	1	28
clb	0	28	1	29
clb	0	29	1	30
clb	0	30	1	31
clb	0	31	1	32
clb	0	32	1	33
clb	0	33	1	34
clb	0	34	1	35
clb	1	0	3	1
clb	1	1	3	2
clb	1	2	3	3
clb	1	3	3	4
clb	1	4	3	5
clb	1	5	3	6
clb	1	6	3	7
clb	1	7	3	8
clb	1	8	3	9
clb	1	9	3	10
clb	1	10	3	11
clb	1	11	3	12
clb	1	12	3	13
clb	1	13	3	14
clb	1	14	3	15
clb	1	15	3	16
clb	1	16	3	17
clb	1	17	3	18
clb	1	18	3	19
clb	1	19	3	20
clb	1	20	3	21
clb	1	21	3	22
clb	1	22	3	23
clb	1	23	3	24
clb	1	24	3	25
clb	1	25	3	26
clb	1	26	3	27
clb	1	27	3	28
clb	1	28	3	29
clb	1	29	3	30
clb	1	30	3	31
clb	1	31	3	32
clb	1	32	3	33
clb	1	33	3	34
clb	1	34	3	35
clb	2	0	4	1
clb	2	1	4	2
clb	2	2	4	3
clb	2	3	4	4
clb	2	4	4	5
clb	2	5	4	6
clb	2	6	4	7
clb	2	7	4	8
clb	2	8	4	9
clb	2	9	4	10
clb	2	10	4	11
clb	2	11	4	12
clb	2	12	4	13
clb	2	13	4	14
clb	2	14	4	15
clb	2	15	4	16
clb	2	16	4	17
clb	2	17	4	18
clb	2	18	4	19
clb	2	19	4	20
clb	2	20	4	21
clb	2	21	4	22
clb	2	22	4	23
clb	2	23	4	24
clb	2	24	4	25
clb	2	25	4	26
clb	2	26	4	27
clb	2	27	4	28
clb	2	28	4	29
clb	2	29	4	30
clb	2	30	4	31
clb	2	31	4	32
clb	2	32	4	33
clb	2	33	4	34
clb	2	34	4	35
clb	3	0	5	1
clb	3	1	5	2
clb	3	2	5	3
clb	3	3	5	4
clb	3	4	5	5
clb	3	5	5	6
clb	3	6	5	7
clb	3	7	5	8
clb	3	8	5	9
clb	3	9	5	10
clb	3	10	5	11
clb	3	11	5	12
clb	3	12	5	13
clb	3	13	5	14
clb	3	14	5	15
clb	3	15	5	16
clb	3	16	5	17
clb	3	17	5	18
clb	3	18	5	19
clb	3	19	5	20
clb	3	20	5	21
clb	3	21	5	22
clb	3	22	5	23
clb	3	23	5	24
clb	3	24	5	25
clb	3	25	5	26
clb	3	26	5	27
clb	3	27	5	28
clb	3	28	5	29
clb	3	29	5	30
clb	3	30	5	31
clb	3	31	5	32
clb	3	32	5	33
clb	3	33	5	34
clb	3	34	5	35
clb	4	0	7	1
clb	4	1	7	2
clb	4	2	7	3
clb	4	3	7	4
clb	4	4	7	5
clb	4	5	7	6
clb	4	6	7	7
clb	4	7	7	8
clb	4	8	7	9
clb	4	9	7	10
clb	4	10	7	11
clb	4	11	7	12
clb	4	12	7	13
clb	4	13	7	14
clb	4	14	7	15
clb	4	15	7	16
clb	4	16	7	17
clb	4	17	7	18
clb	4	18	7	19
clb	4	19	7	20
clb	4	20	7	21
clb	4	21	7	22
clb	4	22	7	23
clb	4	23	7	24
clb	4	24	7	25
clb	4	25	7	26
clb	4	26	7	27
clb	4	27	7	28
clb	4	28	7	29
clb	4	29	7	30
clb	4	30	7	31
clb	4	31	7	32
clb	4	32	7	33
clb	4	33	7	34
clb	4	34	7	35
clb	5	0	8	1
clb	5	1	8	2
clb	5	2	8	3
clb	5	3	8	4
clb	5	4	8	5
clb	5	5	8	6
clb	5	6	8	7
clb	5	7	8	8
clb	5	8	8	9
clb	5	9	8	10
clb	5	10	8	11
clb	5	11	8	12
clb	5	12	8	13
clb	5	13	8	14
clb	5	14	8	15
clb	5	15	8	16
clb	5	16	8	17
clb	5	17	8	18
clb	5	18	8	19
clb	5	19	8	20
clb	5	20	8	21
clb	5	21	8	22
clb	5	22	8	23
clb	5	23	8	24
clb	5	24	8	25
clb	5	25	8	26
clb	5	26	8	27
clb	5	27	8	28
clb	5	28	8	29
clb	5	29	8	30
clb	5	30	8	31
clb	5	31	8	32
clb	5	32	8	33
clb	5	33	8	34
clb	5	34	8	35
clb	6	0	9	1
clb	6	1	9	2
clb	6	2	9	3
clb	6	3	9	4
clb	6	4	9	5
clb	6	5	9	6
clb	6	6	9	7
clb	6	7	9	8
clb	6	8	9	9
clb	6	9	9	10
clb	6	10	9	11
clb	6	11	9	12
clb	6	12	9	13
clb	6	13	9	14
clb	6	14	9	15
clb	6	15	9	16
clb	6	16	9	17
clb	6	17	9	18
clb	6	18	9	19
clb	6	19	9	20
clb	6	20	9	21
clb	6	21	9	22
clb	6	22	9	23
clb	6	23	9	24
clb	6	24	9	25
clb	6	25	9	26
clb	6	26	9	27
clb	6	27	9	28
clb	6	28	9	29
clb	6	29	9	30
clb	6	30	9	31
clb	6	31	9	32
clb	6	32	9	33
clb	6	33	9	34
clb	6	34	9	35
clb	7	0	11	1
clb	7	1	11	2
clb	7	2	11	3
clb	7	3	11	4
clb	7	4	11	5
clb	7	5	11	6
clb	7	6	11	7
clb	7	7	11	8
clb	7	8	11	9
clb	7	9	11	10
clb	7	10	11	11
clb	7	11	11	12
clb	7	12	11	13
clb	7	13	11	14
clb	7	14	11	15
clb	7	15	11	16
clb	7	16	11	17
clb	7	17	11	18
clb	7	18	11	19
clb	7	19	11	20
clb	7	20	11	21
clb	7	21	11	22
clb	7	22	11	23
clb	7	23	11	24
clb	7	24	11	25
clb	7	25	11	26
clb	7	26	11	27
clb	7	27	11	28
clb	7	28	11	29
clb	7	29	11	30
clb	7	30	11	31
clb	7	31	11	32
clb	7	32	11	33
clb	7	33	11	34
clb	7	34	11	35
clb	8	0	12	1
clb	8	1	12	2
clb	8	2	12	3
clb	8	3	12	4
clb	8	4	12	5
clb	8	5	12	6
clb	8	6	12	7
clb	8	7	12	8
clb	8	8	12	9
clb	8	9	12	10
clb	8	10	12	11
clb	8	11	12	12
clb	8	12	12	13
clb	8	13	12	14
clb	8	14	12	15
clb	8	15	12	16
clb	8	16	12	17
clb	8	17	12	18
clb	8	18	12	19
clb	8	19	12	20
clb	8	20	12	21
clb	8	21	12	22
clb	8	22	12	23
clb	8	23	12	24
clb	8	24	12	25
clb	8	25	12	26
clb	8	26	12	27
clb	8	27	12	28
clb	8	28	12	29
clb	8	29	12	30
clb	8	30	12	31
clb	8	31	12	32
clb	8	32	12	33
clb	8	33	12	34
clb	8	34	12	35
clb	9	0	13	1
clb	9	1	13	2
clb	9	2	13	3
clb	9	3	13	4
clb	9	4	13	5
clb	9	5	13	6
clb	9	6	13	7
clb	9	7	13	8
clb	9	8	13	9
clb	9	9	13	10
clb	9	10	13	11
clb	9	11	13	12
clb	9	12	13	13
clb	9	13	13	14
clb	9	14	13	15
clb	9	15	13	16
clb	9	16	13	17
clb	9	17	13	18
clb	9	18	13	19
clb	9	19	13	20
clb	9	20	13	21
clb	9	21	13	22
clb	9	22	13	23
clb	9	23	13	24
clb	9	24	13	25
clb	9	25	13	26
clb	9	26	13	27
clb	9	27	13	28
clb	9	28	13	29
clb	9	29	13	30
clb	9	30	13	31
clb	9	31	13	32
clb	9	32	13	33
clb	9	33	13	34
clb	9	34	13	35
clb	10	0	15	1
clb	10	1	15	2
clb	10	2	15	3
clb	10	3	15	4
clb	10	4	15	5
clb	10	5	15	6
clb	10	6	15	7
clb	10	7	15	8
clb	10	8	15	9
clb	10	9	15	10
clb	10	10	15	11
clb	10	11	15	12
clb	10	12	15	13
clb	10	13	15	14
clb	10	14	15	15
clb	10	15	15	16
clb	10	16	15	17
clb	10	17	15	18
clb	10	18	15	19
clb	10	19	15	20
clb	10	20	15	21
clb	10	21	15	22
clb	10	22	15	23
clb	10	23	15	24
clb	10	24	15	25
clb	10	25	15	26
clb	10	26	15	27
clb	10	27	15	28
clb	10	28	15	29
clb	10	29	15	30
clb	10	30	15	31
clb	10	31	15	32
clb	10	32	15	33
clb	10	33	15	34
clb	10	34	15	35
clb	11	0	16	1
clb	11	1	16	2
clb	11	2	16	3
clb	11	3	16	4
clb	11	4	16	5
clb	11	5	16	6
clb	11	6	16	7
clb	11	7	16	8
clb	11	8	16	9
clb	11	9	16	10
clb	11	10	16	11
clb	11	11	16	12
clb	11	12	16	13
clb	11	13	16	14
clb	11	14	16	15
clb	11	15	16	16
clb	11	16	16	17
clb	11	17	16	18
clb	11	18	16	19
clb	11	19	16	20
clb	11	20	16	21
clb	11	21	16	22
clb	11	22	16	23
clb	11	23	16	24
clb	11	24	16	25
clb	11	25	16	26
clb	11	26	16	27
clb	11	27	16	28
clb	11	28	16	29
clb	11	29	16	30
clb	11	30	16	31
clb	11	31	16	32
clb	11	32	16	33
clb	11	33	16	34
clb	11	34	16	35
clb	12	0	17	1
clb	12	1	17	2
clb	12	2	17	3
clb	12	3	17	4
clb	12	4	17	5
clb	12	5	17	6
clb	12	6	17	7
clb	12	7	17	8
clb	12	8	17	9
clb	12	9	17	10
clb	12	10	17	11
clb	12	11	17	12
clb	12	12	17	13
clb	12	13	17	14
clb	12	14	17	15
clb	12	15	17	16
clb	12	16	17	17
clb	12	17	17	18
clb	12	18	17	19
clb	12	19	17	20
clb	12	20	17	21
clb	12	21	17	22
clb	12	22	17	23
clb	12	23	17	24
clb	12	24	17	25
clb	12	25	17	26
clb	12	26	17	27
clb	12	27	17	28
clb	12	28	17	29
clb	12	29	17	30
clb	12	30	17	31
clb	12	31	17	32
clb	12	32	17	33
clb	12	33	17	34
clb	12	34	17	35
clb	13	0	19	1
clb	13	1	19	2
clb	13	2	19	3
clb	13	3	19	4
clb	13	4	19	5
clb	13	5	19	6
clb	13	6	19	7
clb	13	7	19	8
clb	13	8	19	9
clb	13	9	19	10
clb	13	10	19	11
clb	13	11	19	12
clb	13	12	19	13
clb	13	13	19	14
clb	13	14	19	15
clb	13	15	19	16
clb	13	16	19	17
clb	13	17	19	18
clb	13	18	19	19
clb	13	19	19	20
clb	13	20	19	21
clb	13	21	19	22
clb	13	22	19	23
clb	13	23	19	24
clb	13	24	19	25
clb	13	25	19	26
clb	13	26	19	27
clb	13	27	19	28
clb	13	28	19	29
clb	13	29	19	30
clb	13	30	19	31
clb	13	31	19	32
clb	13	32	19	33
clb	13	33	19	34
clb	13	34	19	35
clb	14	0	20	1
clb	14	1	20	2
clb	14	2	20	3
clb	14	3	20	4
clb	14	4	20	5
clb	14	5	20	6
clb	14	6	20	7
clb	14	7	20	8
clb	14	8	20	9
clb	14	9	20	10
clb	14	10	20	11
clb	14	11	20	12
clb	14	12	20	13
clb	14	13	20	14
clb	14	14	20	15
clb	14	15	20	16
clb	14	16	20	17
clb	14	17	20	18
clb	14	18	20	19
clb	14	19	20	20
clb	14	20	20	21
clb	14	21	20	22
clb	14	22	20	23
clb	14	23	20	24
clb	14	24	20	25
clb	14	25	20	26
clb	14	26	20	27
clb	14	27	20	28
clb	14	28	20	29
clb	14	29	20	30
clb	14	30	20	31
clb	14	31	20	32
clb	14	32	20	33
clb	14	33	20	34
clb	14	34	20	35
clb	15	0	21	1
clb	15	1	21	2
clb	15	2	21	3
clb	15	3	21	4
clb	15	4	21	5
clb	15	5	21	6
clb	15	6	21	7
clb	15	7	21	8
clb	15	8	21	9
clb	15	9	21	10
clb	15	10	21	11
clb	15	11	21	12
clb	15	12	21	13
clb	15	13	21	14
clb	15	14	21	15
clb	15	15	21	16
clb	15	16	21	17
clb	15	17	21	18
clb	15	18	21	19
clb	15	19	21	20
clb	15	20	21	21
clb	15	21	21	22
clb	15	22	21	23
clb	15	23	21	24
clb	15	24	21	25
clb	15	25	21	26
clb	15	26	21	27
clb	15	27	21	28
clb	15	28	21	29
clb	15	29	21	30
clb	15	30	21	31
clb	15	31	21	32
clb	15	32	21	33
clb	15	33	21	34
clb	15	34	21	35
clb	16	0	23	1
clb	16	1	23	2
clb	16	2	23	3
clb	16	3	23	4
clb	16	4	23	5
clb	16	5	23	6
clb	16	6	23	7
clb	16	7	23	8
clb	16	8	23	9
clb	16	9	23	10
clb	16	10	23	11
clb	16	11	23	12
clb	16	12	23	13
clb	16	13	23	14
clb	16	14	23	15
clb	16	15	23	16
clb	16	16	23	17
clb	16	17	23	18
clb	16	18	23	19
clb	16	19	23	20
clb	16	20	23	21
clb	16	21	23	22
clb	16	22	23	23
clb	16	23	23	24
clb	16	24	23	25
clb	16	25	23	26
clb	16	26	23	27
clb	16	27	23	28
clb	16	28	23	29
clb	16	29	23	30
clb	16	30	23	31
clb	16	31	23	32
clb	16	32	23	33
clb	16	33	23	34
clb	16	34	23	35
clb	17	0	24	1
clb	17	1	24	2
clb	17	2	24	3
clb	17	3	24	4
clb	17	4	24	5
clb	17	5	24	6
clb	17	6	24	7
clb	17	7	24	8
clb	17	8	24	9
clb	17	9	24	10
clb	17	10	24	11
clb	17	11	24	12
clb	17	12	24	13
clb	17	13	24	14
clb	17	14	24	15
clb	17	15	24	16
clb	17	16	24	17
clb	17	17	24	18
clb	17	18	24	19
clb	17	19	24	20
clb	17	20	24	21
clb	17	21	24	22
clb	17	22	24	23
clb	17	23	24	24
clb	17	24	24	25
clb	17	25	24	26
clb	17	26	24	27
clb	17	27	24	28
clb	17	28	24	29
clb	17	29	24	30
clb	17	30	24	31
clb	17	31	24	32
clb	17	32	24	33
clb	17	33	24	34
clb	17	34	24	35
clb	18	0	25	1
clb	18	1	25	2
clb	18	2	25	3
clb	18	3	25	4
clb	18	4	25	5
clb	18	5	25	6
clb	18	6	25	7
clb	18	7	25	8
clb	18	8	25	9
clb	18	9	25	10
clb	18	10	25	11
clb	18	11	25	12
clb	18	12	25	13
clb	18	13	25	14
clb	18	14	25	15
clb	18	15	25	16
clb	18	16	25	17
clb	18	17	25	18
clb	18	18	25	19
clb	18	19	25	20
clb	18	20	25	21
clb	18	21	25	22
clb	18	22	25	23
clb	18	23	25	24
clb	18	24	25	25
clb	18	25	25	26
clb	18	26	25	27
clb	18	27	25	28
clb	18	28	25	29
clb	18	29	25	30
clb	18	30	25	31
clb	18	31	25	32
clb	18	32	25	33
clb	18	33	25	34
clb	18	34	25	35
clb	19	0	27	1
clb	19	1	27	2
clb	19	2	27	3
clb	19	3	27	4
clb	19	4	27	5
clb	19	5	27	6
clb	19	6	27	7
clb	19	7	27	8
clb	19	8	27	9
clb	19	9	27	10
clb	19	10	27	11
clb	19	11	27	12
clb	19	12	27	13
clb	19	13	27	14
clb	19	14	27	15
clb	19	15	27	16
clb	19	16	27	17
clb	19	17	27	18
clb	19	18	27	19
clb	19	19	27	20
clb	19	20	27	21
clb	19	21	27	22
clb	19	22	27	23
clb	19	23	27	24
clb	19	24	27	25
clb	19	25	27	26
clb	19	26	27	27
clb	19	27	27	28
clb	19	28	27	29
clb	19	29	27	30
clb	19	30	27	31
clb	19	31	27	32
clb	19	32	27	33
clb	19	33	27	34
clb	19	34	27	35
clb	20	0	28	1
clb	20	1	28	2
clb	20	2	28	3
clb	20	3	28	4
clb	20	4	28	5
clb	20	5	28	6
clb	20	6	28	7
clb	20	7	28	8
clb	20	8	28	9
clb	20	9	28	10
clb	20	10	28	11
clb	20	11	28	12
clb	20	12	28	13
clb	20	13	28	14
clb	20	14	28	15
clb	20	15	28	16
clb	20	16	28	17
clb	20	17	28	18
clb	20	18	28	19
clb	20	19	28	20
clb	20	20	28	21
clb	20	21	28	22
clb	20	22	28	23
clb	20	23	28	24
clb	20	24	28	25
clb	20	25	28	26
clb	20	26	28	27
clb	20	27	28	28
clb	20	28	28	29
clb	20	29	28	30
clb	20	30	28	31
clb	20	31	28	32
clb	20	32	28	33
clb	20	33	28	34
clb	20	34	28	35
clb	21	0	29	1
clb	21	1	29	2
clb	21	2	29	3
clb	21	3	29	4
clb	21	4	29	5
clb	21	5	29	6
clb	21	6	29	7
clb	21	7	29	8
clb	21	8	29	9
clb	21	9	29	10
clb	21	10	29	11
clb	21	11	29	12
clb	21	12	29	13
clb	21	13	29	14
clb	21	14	29	15
clb	21	15	29	16
clb	21	16	29	17
clb	21	17	29	18
clb	21	18	29	19
clb	21	19	29	20
clb	21	20	29	21
clb	21	21	29	22
clb	21	22	29	23
clb	21	23	29	24
clb	21	24	29	25
clb	21	25	29	26
clb	21	26	29	27
clb	21	27	29	28
clb	21	28	29	29
clb	21	29	29	30
clb	21	30	29	31
clb	21	31	29	32
clb	21	32	29	33
clb	21	33	29	34
clb	21	34	29	35
clb	22	0	31	1
clb	22	1	31	2
clb	22	2	31	3
clb	22	3	31	4
clb	22	4	31	5
clb	22	5	31	6
clb	22	6	31	7
clb	22	7	31	8
clb	22	8	31	9
clb	22	9	31	10
clb	22	10	31	11
clb	22	11	31	12
clb	22	12	31	13
clb	22	13	31	14
clb	22	14	31	15
clb	22	15	31	16
clb	22	16	31	17
clb	22	17	31	18
clb	22	18	31	19
clb	22	19	31	20
clb	22	20	31	21
clb	22	21	31	22
clb	22	22	31	23
clb	22	23	31	24
clb	22	24	31	25
clb	22	25	31	26
clb	22	26	31	27
clb	22	27	31	28
clb	22	28	31	29
clb	22	29	31	30
clb	22	30	31	31
clb	22	31	31	32
clb	22	32	31	33
clb	22	33	31	34
clb	22	34	31	35
clb	23	0	32	1
clb	23	1	32	2
clb	23	2	32	3
clb	23	3	32	4
clb	23	4	32	5
clb	23	5	32	6
clb	23	6	32	7
clb	23	7	32	8
clb	23	8	32	9
clb	23	9	32	10
clb	23	10	32	11
clb	23	11	32	12
clb	23	12	32	13
clb	23	13	32	14
clb	23	14	32	15
clb	23	15	32	16
clb	23	16	32	17
clb	23	17	32	18
clb	23	18	32	19
clb	23	19	32	20
clb	23	20	32	21
clb	23	21	32	22
clb	23	22	32	23
clb	23	23	32	24
clb	23	24	32	25
clb	23	25	32	26
clb	23	26	32	27
clb	23	27	32	28
clb	23	28	32	29
clb	23	29	32	30
clb	23	30	32	31
clb	23	31	32	32
clb	23	32	32	33
clb	23	33	32	34
clb	23	34	32	35
clb	24	0	33	1
clb	24	1	33	2
clb	24	2	33	3
clb	24	3	33	4
clb	24	4	33	5
clb	24	5	33	6
clb	24	6	33	7
clb	24	7	33	8
clb	24	8	33	9
clb	24	9	33	10
clb	24	10	33	11
clb	24	11	33	12
clb	24	12	33	13
clb	24	13	33	14
clb	24	14	33	15
clb	24	15	33	16
clb	24	16	33	17
clb	24	17	33	18
clb	24	18	33	19
clb	24	19	33	20
clb	24	20	33	21
clb	24	21	33	22
clb	24	22	33	23
clb	24	23	33	24
clb	24	24	33	25
clb	24	25	33	26
clb	24	26	33	27
clb	24	27	33	28
clb	24	28	33	29
clb	24	29	33	30
clb	24	30	33	31
clb	24	31	33	32
clb	24	32	33	33
clb	24	33	33	34
clb	24	34	33	35
clb	25	0	35	1
clb	25	1	35	2
clb	25	2	35	3
clb	25	3	35	4
clb	25	4	35	5
clb	25	5	35	6
clb	25	6	35	7
clb	25	7	35	8
clb	25	8	35	9
clb	25	9	35	10
clb	25	10	35	11
clb	25	11	35	12
clb	25	12	35	13
clb	25	13	35	14
clb	25	14	35	15
clb	25	15	35	16
clb	25	16	35	17
clb	25	17	35	18
clb	25	18	35	19
clb	25	19	35	20
clb	25	20	35	21
clb	25	21	35	22
clb	25	22	35	23
clb	25	23	35	24
clb	25	24	35	25
clb	25	25	35	26
clb	25	26	35	27
clb	25	27	35	28
clb	25	28	35	29
clb	25	29	35	30
clb	25	30	35	31
clb	25	31	35	32
clb	25	32	35	33
clb	25	33	35	34
clb	25	34	35	35
mult_36	0	0	6	1
mult_36	0	1	6	5
mult_36	0	2	6	9
mult_36	0	3	6	13
mult_36	0	4	6	17
mult_36	0	5	6	21
mult_36	0	6	6	25
mult_36	0	7	6	29
mult_36	1	0	14	1
mult_36	1	1	14	5
mult_36	1	2	14	9
mult_36	1	3	14	13
mult_36	1	4	14	17
mult_36	1	5	14	21
mult_36	1	6	14	25
mult_36	1	7	14	29
mult_36	2	0	22	1
mult_36	2	1	22	5
mult_36	2	2	22	9
mult_36	2	3	22	13
mult_36	2	4	22	17
mult_36	2	5	22	21
mult_36	2	6	22	25
mult_36	2	7	22	29
mult_36	3	0	30	1
mult_36	3	1	30	5
mult_36	3	2	30	9
mult_36	3	3	30	13
mult_36	3	4	30	17
mult_36	3	5	30	21
mult_36	3	6	30	25
mult_36	3	7	30	29
memory	0	0	2	1
memory	0	1	2	7
memory	0	2	2	13
memory	0	3	2	19
memory	0	4	2	25
memory	1	0	10	1
memory	1	1	10	7
memory	1	2	10	13
memory	1	3	10	19
memory	1	4	10	25
memory	2	0	18	1
memory	2	1	18	7
memory	2	2	18	13
memory	2	3	18	19
memory	2	4	18	25
memory	3	0	26	1
memory	3	1	26	7
memory	3	2	26	13
memory	3	3	26	19
memory	3	4	26	25
memory	4	0	34	1
memory	4	1	34	7
memory	4	2	34	13
memory	4	3	34	19
memory	4	4	34	25
