type cx cy seed id
memory 0 0 32998 2
memory 0 1 55307 20
memory 0 2 40821 15
memory 0 3 59096 9
memory 0 4 47172 22
memory 1 0 61593 21
memory 1 1 19574 17
memory 1 2 46769 12
memory 1 3 6948 16
memory 1 4 11526 4
memory 2 0 19412 3
memory 2 1 23381 0
memory 2 2 7578 14
memory 2 3 9940 19
memory 2 4 24884 8
memory 3 0 36725 18
memory 3 1 10659 1
memory 3 2 59632 13
memory 3 3 29458 5
memory 3 4 56344 7
memory 4 0 45232 10
memory 4 1 49354 6
memory 4 2 51520 23
memory 4 3 25827 24
memory 4 4 46847 11
mult_36 0 0 11937 3
mult_36 0 1 52186 17
mult_36 0 2 24166 15
mult_36 0 3 51944 4
mult_36 0 4 21601 10
mult_36 0 5 37557 14
mult_36 0 6 6876 1
mult_36 0 7 39410 31
mult_36 1 0 35379 16
mult_36 1 1 60476 30
mult_36 1 2 17317 7
mult_36 1 3 7618 2
mult_36 1 4 15672 23
mult_36 1 5 18104 27
mult_36 1 6 32520 0
mult_36 1 7 17633 25
mult_36 2 0 13319 28
mult_36 2 1 291 18
mult_36 2 2 37353 21
mult_36 2 3 18990 29
mult_36 2 4 9684 24
mult_36 2 5 10950 8
mult_36 2 6 44318 11
mult_36 2 7 16596 13
mult_36 3 0 29111 26
mult_36 3 1 37677 12
mult_36 3 2 38262 22
mult_36 3 3 62475 5
mult_36 3 4 62609 9
mult_36 3 5 23194 6
mult_36 3 6 29576 20
mult_36 3 7 42386 19
clb 0 0 32888 393
clb 0 1 21228 421
clb 0 2 24403 670
clb 0 3 54129 846
clb 0 4 37529 794
clb 0 5 41709 510
clb 0 6 7141 47
clb 0 7 40002 234
clb 0 8 36677 456
clb 0 9 4743 896
clb 0 10 51612 697
clb 0 11 59946 560
clb 0 12 13586 212
clb 0 13 37269 476
clb 0 14 8200 688
clb 0 15 28208 506
clb 0 16 47081 386
clb 0 17 53301 782
clb 0 18 11804 518
clb 0 19 9928 32
clb 0 20 14901 832
clb 0 21 38403 131
clb 0 22 11139 54
clb 0 23 13316 44
clb 0 24 35935 565
clb 0 25 56039 163
clb 0 26 27025 489
clb 0 27 26656 587
clb 0 28 45902 201
clb 0 29 46621 597
clb 0 30 37438 824
clb 0 31 3989 613
clb 0 32 43594 818
clb 0 33 40265 357
clb 0 34 27670 467
clb 1 0 52980 95
clb 1 1 17312 94
clb 1 2 12004 229
clb 1 3 56833 566
clb 1 4 35430 795
clb 1 5 57858 778
clb 1 6 54596 798
clb 1 7 10907 820
clb 1 8 36846 349
clb 1 9 13232 585
clb 1 10 12029 420
clb 1 11 3759 158
clb 1 12 37377 871
clb 1 13 23345 906
clb 1 14 13481 87
clb 1 15 16362 149
clb 1 16 24874 320
clb 1 17 63218 23
clb 1 18 55985 192
clb 1 19 3128 347
clb 1 20 44320 505
clb 1 21 25180 555
clb 1 22 27721 814
clb 1 23 51399 473
clb 1 24 43458 860
clb 1 25 51667 43
clb 1 26 28860 186
clb 1 27 17443 75
clb 1 28 63806 241
clb 1 29 8612 174
clb 1 30 12691 470
clb 1 31 18009 407
clb 1 32 5823 439
clb 1 33 61759 157
clb 1 34 59187 767
clb 2 0 65378 606
clb 2 1 15840 296
clb 2 2 57735 861
clb 2 3 7196 278
clb 2 4 58271 550
clb 2 5 34860 310
clb 2 6 285 84
clb 2 7 64431 592
clb 2 8 4627 734
clb 2 9 9071 416
clb 2 10 4248 183
clb 2 11 54127 695
clb 2 12 31608 803
clb 2 13 33465 696
clb 2 14 5990 800
clb 2 15 24796 273
clb 2 16 53274 468
clb 2 17 48652 295
clb 2 18 5660 880
clb 2 19 50524 554
clb 2 20 40252 409
clb 2 21 6191 755
clb 2 22 31111 727
clb 2 23 60954 358
clb 2 24 17349 765
clb 2 25 21404 662
clb 2 26 50198 768
clb 2 27 49835 209
clb 2 28 29251 869
clb 2 29 28770 499
clb 2 30 21779 845
clb 2 31 39719 716
clb 2 32 52906 222
clb 2 33 15932 161
clb 2 34 22202 7
clb 3 0 21615 10
clb 3 1 55087 366
clb 3 2 65271 656
clb 3 3 4672 162
clb 3 4 31892 563
clb 3 5 64832 399
clb 3 6 48710 760
clb 3 7 15978 799
clb 3 8 59970 266
clb 3 9 44079 877
clb 3 10 60846 68
clb 3 11 29619 417
clb 3 12 22592 481
clb 3 13 61632 321
clb 3 14 21432 334
clb 3 15 34019 235
clb 3 16 49543 865
clb 3 17 42507 78
clb 3 18 57267 365
clb 3 19 64640 298
clb 3 20 53304 445
clb 3 21 59068 777
clb 3 22 55249 548
clb 3 23 58897 603
clb 3 24 25263 242
clb 3 25 7952 382
clb 3 26 37515 286
clb 3 27 18338 102
clb 3 28 1233 817
clb 3 29 35331 517
clb 3 30 26665 757
clb 3 31 51868 801
clb 3 32 848 776
clb 3 33 13517 515
clb 3 34 55321 425
clb 4 0 25562 870
clb 4 1 14906 762
clb 4 2 40790 72
clb 4 3 34700 753
clb 4 4 21759 361
clb 4 5 12806 193
clb 4 6 11840 118
clb 4 7 17012 119
clb 4 8 57677 512
clb 4 9 62809 440
clb 4 10 28267 886
clb 4 11 29517 875
clb 4 12 33692 58
clb 4 13 9497 715
clb 4 14 32075 498
clb 4 15 4362 649
clb 4 16 31990 143
clb 4 17 64452 474
clb 4 18 59087 830
clb 4 19 24549 884
clb 4 20 61990 208
clb 4 21 40984 775
clb 4 22 21703 599
clb 4 23 13918 371
clb 4 24 35217 146
clb 4 25 45755 901
clb 4 26 20945 332
clb 4 27 11682 488
clb 4 28 52133 138
clb 4 29 14658 749
clb 4 30 3603 283
clb 4 31 61340 507
clb 4 32 60287 398
clb 4 33 31204 899
clb 4 34 875 810
clb 5 0 14112 214
clb 5 1 59292 619
clb 5 2 22029 779
clb 5 3 58673 394
clb 5 4 57303 707
clb 5 5 20253 825
clb 5 6 31452 726
clb 5 7 24417 461
clb 5 8 18226 279
clb 5 9 44125 303
clb 5 10 41610 833
clb 5 11 28632 453
clb 5 12 1320 247
clb 5 13 27384 20
clb 5 14 52006 315
clb 5 15 61846 147
clb 5 16 17642 106
clb 5 17 51204 527
clb 5 18 40733 176
clb 5 19 23688 595
clb 5 20 12119 712
clb 5 21 17754 710
clb 5 22 22793 403
clb 5 23 59199 831
clb 5 24 16260 579
clb 5 25 12226 327
clb 5 26 4769 637
clb 5 27 18996 766
clb 5 28 64014 551
clb 5 29 20572 759
clb 5 30 6070 630
clb 5 31 23075 743
clb 5 32 57545 52
clb 5 33 54118 903
clb 5 34 55390 525
clb 6 0 22610 596
clb 6 1 8061 908
clb 6 2 55398 524
clb 6 3 56317 41
clb 6 4 2623 572
clb 6 5 18964 888
clb 6 6 17054 318
clb 6 7 22396 142
clb 6 8 20125 686
clb 6 9 51105 658
clb 6 10 9926 664
clb 6 11 54654 6
clb 6 12 21069 659
clb 6 13 63687 513
clb 6 14 9438 155
clb 6 15 39698 18
clb 6 16 48736 496
clb 6 17 21636 687
clb 6 18 41845 316
clb 6 19 19518 140
clb 6 20 43275 288
clb 6 21 40862 730
clb 6 22 14789 752
clb 6 23 25226 567
clb 6 24 34674 109
clb 6 25 4252 459
clb 6 26 14266 270
clb 6 27 29136 641
clb 6 28 47582 646
clb 6 29 55895 221
clb 6 30 52221 745
clb 6 31 2263 519
clb 6 32 56420 504
clb 6 33 19755 304
clb 6 34 9054 516
clb 7 0 13034 547
clb 7 1 4451 381
clb 7 2 27406 322
clb 7 3 62953 446
clb 7 4 24576 113
clb 7 5 12882 709
clb 7 6 48494 127
clb 7 7 62400 874
clb 7 8 44172 117
clb 7 9 8841 57
clb 7 10 17120 580
clb 7 11 49864 427
clb 7 12 27866 617
clb 7 13 47365 638
clb 7 14 37537 718
clb 7 15 29254 842
clb 7 16 56616 858
clb 7 17 3914 33
clb 7 18 49975 834
clb 7 19 31100 452
clb 7 20 18611 69
clb 7 21 33027 397
clb 7 22 15796 732
clb 7 23 55851 503
clb 7 24 11626 254
clb 7 25 11704 808
clb 7 26 55863 4
clb 7 27 7499 593
clb 7 28 31371 867
clb 7 29 33997 90
clb 7 30 60626 424
clb 7 31 6992 576
clb 7 32 61721 438
clb 7 33 61377 577
clb 7 34 5039 725
clb 8 0 65275 156
clb 8 1 25432 484
clb 8 2 31696 611
clb 8 3 37116 112
clb 8 4 47922 569
clb 8 5 1432 203
clb 8 6 15116 350
clb 8 7 55725 528
clb 8 8 12385 448
clb 8 9 11974 600
clb 8 10 20373 217
clb 8 11 56410 15
clb 8 12 29636 81
clb 8 13 18458 472
clb 8 14 15105 807
clb 8 15 53372 562
clb 8 16 56326 702
clb 8 17 32228 301
clb 8 18 63332 261
clb 8 19 8147 253
clb 8 20 34416 345
clb 8 21 40348 173
clb 8 22 36815 495
clb 8 23 8505 815
clb 8 24 38874 581
clb 8 25 60801 721
clb 8 26 44157 780
clb 8 27 39797 679
clb 8 28 40891 898
clb 8 29 25374 60
clb 8 30 15451 269
clb 8 31 13956 230
clb 8 32 54741 492
clb 8 33 53484 663
clb 8 34 38929 850
clb 9 0 19228 465
clb 9 1 42347 796
clb 9 2 18968 723
clb 9 3 63708 224
clb 9 4 50677 125
clb 9 5 7849 742
clb 9 6 30130 406
clb 9 7 40676 96
clb 9 8 25648 671
clb 9 9 18192 558
clb 9 10 1975 616
clb 9 11 51897 369
clb 9 12 16418 362
clb 9 13 41971 213
clb 9 14 38443 12
clb 9 15 6098 413
clb 9 16 51382 63
clb 9 17 63099 847
clb 9 18 35850 36
clb 9 19 11162 770
clb 9 20 13979 746
clb 9 21 40673 391
clb 9 22 23768 584
clb 9 23 31587 856
clb 9 24 32024 828
clb 9 25 12783 571
clb 9 26 52164 781
clb 9 27 59490 729
clb 9 28 21451 575
clb 9 29 58550 680
clb 9 30 25571 324
clb 9 31 36326 634
clb 9 32 60831 137
clb 9 33 30163 317
clb 9 34 61499 255
clb 10 0 27826 336
clb 10 1 23231 633
clb 10 2 46632 890
clb 10 3 45725 259
clb 10 4 52707 225
clb 10 5 31904 243
clb 10 6 42571 682
clb 10 7 56146 2
clb 10 8 32899 42
clb 10 9 52485 384
clb 10 10 9191 306
clb 10 11 22873 274
clb 10 12 15627 30
clb 10 13 53814 48
clb 10 14 4546 650
clb 10 15 32693 395
clb 10 16 56193 429
clb 10 17 35316 652
clb 10 18 20115 693
clb 10 19 52187 848
clb 10 20 63708 428
clb 10 21 24499 74
clb 10 22 43608 51
clb 10 23 41089 26
clb 10 24 17538 809
clb 10 25 63852 238
clb 10 26 45202 622
clb 10 27 43262 629
clb 10 28 15835 907
clb 10 29 53276 722
clb 10 30 43075 739
clb 10 31 61793 93
clb 10 32 63198 338
clb 10 33 5899 509
clb 10 34 19605 83
clb 11 0 56982 272
clb 11 1 7337 16
clb 11 2 8496 124
clb 11 3 24141 873
clb 11 4 59919 8
clb 11 5 15821 561
clb 11 6 9746 136
clb 11 7 10617 215
clb 11 8 3107 609
clb 11 9 14603 35
clb 11 10 57293 237
clb 11 11 18636 330
clb 11 12 51749 612
clb 11 13 58034 651
clb 11 14 13612 887
clb 11 15 12973 892
clb 11 16 5496 621
clb 11 17 41258 463
clb 11 18 60594 359
clb 11 19 27647 773
clb 11 20 48154 866
clb 11 21 59226 490
clb 11 22 50297 80
clb 11 23 4377 557
clb 11 24 23982 689
clb 11 25 14328 276
clb 11 26 34192 458
clb 11 27 53997 487
clb 11 28 51949 432
clb 11 29 26939 252
clb 11 30 26170 268
clb 11 31 23593 368
clb 11 32 55940 223
clb 11 33 40067 311
clb 11 34 7240 190
clb 12 0 13357 434
clb 12 1 58002 194
clb 12 2 62634 305
clb 12 3 25167 85
clb 12 4 57728 675
clb 12 5 61995 89
clb 12 6 35547 672
clb 12 7 2768 172
clb 12 8 52529 108
clb 12 9 12813 494
clb 12 10 18038 373
clb 12 11 65318 529
clb 12 12 12159 674
clb 12 13 50835 788
clb 12 14 42456 65
clb 12 15 12385 257
clb 12 16 36901 17
clb 12 17 17293 342
clb 12 18 62369 645
clb 12 19 30755 623
clb 12 20 33972 436
clb 12 21 6919 400
clb 12 22 34403 285
clb 12 23 46235 564
clb 12 24 22750 827
clb 12 25 63691 70
clb 12 26 30870 220
clb 12 27 22785 405
clb 12 28 52502 545
clb 12 29 20555 893
clb 12 30 57002 249
clb 12 31 4883 64
clb 12 32 52622 500
clb 12 33 54364 537
clb 12 34 48398 151
clb 13 0 58892 122
clb 13 1 53188 713
clb 13 2 22734 210
clb 13 3 34921 414
clb 13 4 33314 589
clb 13 5 61675 103
clb 13 6 22463 198
clb 13 7 22483 195
clb 13 8 36095 573
clb 13 9 62285 895
clb 13 10 7553 684
clb 13 11 41783 191
clb 13 12 2489 363
clb 13 13 27750 280
clb 13 14 23696 202
clb 13 15 25782 879
clb 13 16 12584 883
clb 13 17 20706 582
clb 13 18 17164 737
clb 13 19 43488 835
clb 13 20 18699 787
clb 13 21 37494 740
clb 13 22 10024 40
clb 13 23 3159 226
clb 13 24 28099 455
clb 13 25 64232 53
clb 13 26 22166 771
clb 13 27 46630 152
clb 13 28 14401 812
clb 13 29 2011 758
clb 13 30 37050 741
clb 13 31 10459 246
clb 13 32 20645 50
clb 13 33 17035 665
clb 13 34 50029 132
clb 14 0 53568 714
clb 14 1 11733 698
clb 14 2 13646 169
clb 14 3 19963 644
clb 14 4 47926 754
clb 14 5 43803 636
clb 14 6 10846 862
clb 14 7 53892 804
clb 14 8 52938 889
clb 14 9 15069 859
clb 14 10 46627 642
clb 14 11 60048 340
clb 14 12 61785 811
clb 14 13 51007 24
clb 14 14 4106 307
clb 14 15 48364 774
clb 14 16 27793 433
clb 14 17 46089 227
clb 14 18 1631 245
clb 14 19 44840 559
clb 14 20 18490 690
clb 14 21 31194 685
clb 14 22 48637 390
clb 14 23 18896 378
clb 14 24 48154 728
clb 14 25 25465 55
clb 14 26 43528 115
clb 14 27 25659 107
clb 14 28 40578 511
clb 14 29 34107 789
clb 14 30 2934 404
clb 14 31 32637 444
clb 14 32 60265 418
clb 14 33 15777 388
clb 14 34 39119 902
clb 15 0 25364 370
clb 15 1 29678 700
clb 15 2 63486 364
clb 15 3 59827 178
clb 15 4 61289 706
clb 15 5 63534 647
clb 15 6 17170 538
clb 15 7 44857 185
clb 15 8 8780 631
clb 15 9 25352 167
clb 15 10 12707 314
clb 15 11 44433 816
clb 15 12 31277 45
clb 15 13 10161 570
clb 15 14 1032 522
clb 15 15 24672 219
clb 15 16 56213 486
clb 15 17 52642 299
clb 15 18 55956 485
clb 15 19 30440 441
clb 15 20 45747 410
clb 15 21 35877 578
clb 15 22 4701 556
clb 15 23 47702 676
clb 15 24 47114 256
clb 15 25 27212 678
clb 15 26 1376 681
clb 15 27 52164 450
clb 15 28 60422 346
clb 15 29 37628 284
clb 15 30 47993 86
clb 15 31 19027 704
clb 15 32 28431 521
clb 15 33 4281 21
clb 15 34 16974 123
clb 16 0 58154 540
clb 16 1 24133 792
clb 16 2 25860 46
clb 16 3 43094 49
clb 16 4 51185 76
clb 16 5 8170 260
clb 16 6 38186 829
clb 16 7 45901 764
clb 16 8 26697 287
clb 16 9 16199 653
clb 16 10 6603 533
clb 16 11 11784 333
clb 16 12 4512 826
clb 16 13 44309 626
clb 16 14 21209 292
clb 16 15 55432 852
clb 16 16 44244 29
clb 16 17 17515 402
clb 16 18 696 673
clb 16 19 48186 92
clb 16 20 7337 602
clb 16 21 58466 855
clb 16 22 53038 392
clb 16 23 25204 449
clb 16 24 61317 790
clb 16 25 13205 389
clb 16 26 51388 355
clb 16 27 26954 756
clb 16 28 50531 351
clb 16 29 3678 705
clb 16 30 7619 99
clb 16 31 61478 539
clb 16 32 37996 376
clb 16 33 63362 635
clb 16 34 8973 786
clb 17 0 1427 289
clb 17 1 19623 885
clb 17 2 1113 523
clb 17 3 16262 177
clb 17 4 62322 244
clb 17 5 43546 110
clb 17 6 14059 28
clb 17 7 37585 531
clb 17 8 21820 294
clb 17 9 26164 655
clb 17 10 2845 88
clb 17 11 19008 763
clb 17 12 25822 325
clb 17 13 23893 802
clb 17 14 47703 337
clb 17 15 56103 175
clb 17 16 62341 188
clb 17 17 17880 431
clb 17 18 44095 466
clb 17 19 21154 904
clb 17 20 21022 837
clb 17 21 49222 297
clb 17 22 2468 783
clb 17 23 25970 264
clb 17 24 21326 422
clb 17 25 49590 319
clb 17 26 34842 250
clb 17 27 59407 643
clb 17 28 30831 141
clb 17 29 10480 232
clb 17 30 64915 66
clb 17 31 3153 667
clb 17 32 5795 1
clb 17 33 23432 61
clb 17 34 49588 164
clb 18 0 6513 769
clb 18 1 54341 849
clb 18 2 19618 677
clb 18 3 55988 204
clb 18 4 51481 806
clb 18 5 34655 657
clb 18 6 22283 536
clb 18 7 5621 13
clb 18 8 33394 738
clb 18 9 57648 666
clb 18 10 57561 591
clb 18 11 10147 408
clb 18 12 64581 541
clb 18 13 12468 632
clb 18 14 53652 625
clb 18 15 4211 328
clb 18 16 50969 412
clb 18 17 20269 863
clb 18 18 51684 312
clb 18 19 19916 823
clb 18 20 11020 426
clb 18 21 34335 25
clb 18 22 8163 805
clb 18 23 21369 308
clb 18 24 7199 493
clb 18 25 36386 750
clb 18 26 47420 38
clb 18 27 29470 31
clb 18 28 55901 447
clb 18 29 52831 588
clb 18 30 34585 708
clb 18 31 6433 309
clb 18 32 47505 854
clb 18 33 58131 291
clb 18 34 14671 153
clb 19 0 24564 360
clb 19 1 24120 401
clb 19 2 55620 864
clb 19 3 27214 300
clb 19 4 37355 104
clb 19 5 58909 793
clb 19 6 31476 839
clb 19 7 10646 720
clb 19 8 9038 482
clb 19 9 16569 640
clb 19 10 27515 383
clb 19 11 50270 348
clb 19 12 28335 894
clb 19 13 50413 168
clb 19 14 12151 590
clb 19 15 24337 654
clb 19 16 53206 900
clb 19 17 30287 544
clb 19 18 12968 166
clb 19 19 25290 761
clb 19 20 10079 233
clb 19 21 1261 508
clb 19 22 18365 703
clb 19 23 21549 22
clb 19 24 39361 607
clb 19 25 27946 354
clb 19 26 10255 660
clb 19 27 52633 843
clb 19 28 21536 281
clb 19 29 65495 423
clb 19 30 39287 851
clb 19 31 43793 483
clb 19 32 14467 356
clb 19 33 65293 736
clb 19 34 9957 469
clb 20 0 28913 145
clb 20 1 29876 691
clb 20 2 9538 627
clb 20 3 2414 218
clb 20 4 48785 462
clb 20 5 47123 594
clb 20 6 21384 694
clb 20 7 45593 116
clb 20 8 44734 699
clb 20 9 41603 479
clb 20 10 63579 159
clb 20 11 56312 154
clb 20 12 35370 262
clb 20 13 20864 120
clb 20 14 36133 601
clb 20 15 5563 353
clb 20 16 25757 813
clb 20 17 62417 77
clb 20 18 43346 275
clb 20 19 30063 71
clb 20 20 38149 615
clb 20 21 22776 101
clb 20 22 30220 841
clb 20 23 62914 335
clb 20 24 32402 216
clb 20 25 52086 98
clb 20 26 41539 480
clb 20 27 35272 836
clb 20 28 58429 372
clb 20 29 18744 628
clb 20 30 3864 19
clb 20 31 29493 624
clb 20 32 53802 34
clb 20 33 33381 620
clb 20 34 58658 37
clb 21 0 54045 683
clb 21 1 59354 265
clb 21 2 585 126
clb 21 3 64053 751
clb 21 4 31309 719
clb 21 5 1762 236
clb 21 6 17837 608
clb 21 7 54966 618
clb 21 8 62521 853
clb 21 9 39268 293
clb 21 10 12129 180
clb 21 11 5196 206
clb 21 12 52727 614
clb 21 13 61966 343
clb 21 14 12834 240
clb 21 15 55578 475
clb 21 16 64074 909
clb 21 17 20271 872
clb 21 18 55424 97
clb 21 19 39600 73
clb 21 20 30322 129
clb 21 21 36696 323
clb 21 22 5204 471
clb 21 23 15890 415
clb 21 24 15539 367
clb 21 25 29480 282
clb 21 26 50044 546
clb 21 27 29859 552
clb 21 28 58882 139
clb 21 29 29472 532
clb 21 30 46084 692
clb 21 31 18934 352
clb 21 32 18681 326
clb 21 33 47535 882
clb 21 34 11384 211
clb 22 0 62283 27
clb 22 1 17434 135
clb 22 2 57533 82
clb 22 3 4864 437
clb 22 4 23732 263
clb 22 5 36832 271
clb 22 6 23093 239
clb 22 7 1539 435
clb 22 8 18672 844
clb 22 9 57483 290
clb 22 10 27167 819
clb 22 11 41924 430
clb 22 12 51261 897
clb 22 13 50143 549
clb 22 14 22884 231
clb 22 15 11281 784
clb 22 16 8528 62
clb 22 17 26743 711
clb 22 18 35267 797
clb 22 19 62521 128
clb 22 20 7049 339
clb 22 21 7045 733
clb 22 22 22106 380
clb 22 23 44494 497
clb 22 24 32504 182
clb 22 25 43238 160
clb 22 26 35528 604
clb 22 27 15487 313
clb 22 28 55307 598
clb 22 29 19924 39
clb 22 30 30135 100
clb 22 31 17503 196
clb 22 32 56035 822
clb 22 33 39795 111
clb 22 34 44034 56
clb 23 0 27691 59
clb 23 1 55019 267
clb 23 2 15679 396
clb 23 3 13357 171
clb 23 4 15721 478
clb 23 5 24471 181
clb 23 6 46509 207
clb 23 7 1017 3
clb 23 8 18150 200
clb 23 9 25236 821
clb 23 10 52938 150
clb 23 11 7181 668
clb 23 12 8486 881
clb 23 13 46546 411
clb 23 14 31860 387
clb 23 15 54749 586
clb 23 16 58734 251
clb 23 17 45656 735
clb 23 18 16126 375
clb 23 19 40352 443
clb 23 20 7068 258
clb 23 21 65426 457
clb 23 22 63913 14
clb 23 23 53784 724
clb 23 24 56752 772
clb 23 25 26499 302
clb 23 26 60107 574
clb 23 27 17464 105
clb 23 28 19891 553
clb 23 29 22506 189
clb 23 30 1295 121
clb 23 31 57119 610
clb 23 32 10927 344
clb 23 33 2960 648
clb 23 34 1486 520
clb 24 0 33656 114
clb 24 1 44814 747
clb 24 2 54322 583
clb 24 3 50928 205
clb 24 4 33379 67
clb 24 5 45868 454
clb 24 6 45463 568
clb 24 7 64327 526
clb 24 8 27643 669
clb 24 9 16310 542
clb 24 10 8102 491
clb 24 11 21644 11
clb 24 12 19919 530
clb 24 13 21540 0
clb 24 14 44120 731
clb 24 15 20869 791
clb 24 16 35833 748
clb 24 17 20134 385
clb 24 18 8644 79
clb 24 19 36737 170
clb 24 20 55967 5
clb 24 21 12910 329
clb 24 22 41662 199
clb 24 23 37218 464
clb 24 24 42612 451
clb 24 25 49050 477
clb 24 26 14295 130
clb 24 27 50843 534
clb 24 28 58284 419
clb 24 29 58510 197
clb 24 30 41733 377
clb 24 31 53874 514
clb 24 32 21147 331
clb 24 33 15308 605
clb 24 34 57119 248
clb 25 0 12702 501
clb 25 1 36942 639
clb 25 2 13072 187
clb 25 3 32503 148
clb 25 4 59972 857
clb 25 5 58456 891
clb 25 6 34736 744
clb 25 7 6744 374
clb 25 8 7031 133
clb 25 9 17729 661
clb 25 10 31923 535
clb 25 11 50500 442
clb 25 12 336 878
clb 25 13 1262 460
clb 25 14 63532 543
clb 25 15 27940 184
clb 25 16 48993 341
clb 25 17 45355 277
clb 25 18 61459 379
clb 25 19 49011 838
clb 25 20 4947 840
clb 25 21 44971 876
clb 25 22 41562 134
clb 25 23 47058 9
clb 25 24 45749 144
clb 25 25 43108 165
clb 25 26 27302 91
clb 25 27 29721 701
clb 25 28 27075 228
clb 25 29 55044 785
clb 25 30 49786 717
clb 25 31 7053 868
clb 25 32 65321 502
clb 25 33 22071 179
clb 25 34 36369 905
